[global]
id = 131
name = Normal

[defining_params]
#make sure to send this register at first after power-on = inck frequency[mhz]
unambiguous_range = 7.45 #7.45
near_distance = 0.3
#0 disable power supplier switch, 1=0.5 scale integration time 2=1 scale  integration time
intg_scale = 2
intg_time = 100  #100	
#dealias_en = 1
#enable Bilateral Filter and EdgeAware Filter
filter_en = 1
mod_freq1 = 100
mod_freq2 = 80
amp_threhold = 15
#1-use mod_freq1, 2-use mod_freq2,3-dealias 
measure_mode = 3

[params]
#mode setting
rngchken = 0
dutof_mode = 0 #4
hmax = 2500 #1800  #2304
micr_lnum = 5000 #10000 #2500 
dpth_su_num = 52 #30
sub_rseq_lnum =  40 #40 #40 #3 
binning_mode = 0 #3
phases_num = 4
img_orientation_v = 1 
img_orientation_h = 1 
dlycnt =  3
anadlycnt = 14 #40 
dlycntsf = 0 # 10
#sub_vblk0 = 50
#sub_vblk1 = 50
#sub_vblk2 = 50
#sub_vblk3 = 50
#sub_vblk4 = 50
#sub_vblk5 = 50
#sub_vblk6 = 50
#sub_vblk7 = 50

[calib]
cx = 337.852201
cy = 269.554712
fx = 1120.300472
fy = 1119.014149
k1 = 0.060803
k2 = 1.961976
k3 = -13.972403
p1 = 0.003670
p2 = 0.011911

##0-lens,1-frequency,2-cross_talk,3-non_linearity,4-temperature,5-common_phase,6-pixel_wise
#set 62 for calibrate
calib_disable =  14 #6 #14 #62
actual_distance = 0.85
tsensor_calib = 32
tillum_calib = 32
phase_corr_1 = -581
phase_corr_2 = -254
disable_offset_corr = 0
#phasecorrection = 

#freq_corr = 1
#freq_corr_at = 36
phase_lin_coeff1 = 94 238 373 559 663 777 841 1008 1139 1279 1418 1546 1664 1772 1885 1999           
phase_lin_coeff2 = 135 277 417 540 652 760 872 995 1138 1280 1416 1533 1643 1814 1924 1973      
phase_lin_corr_period = 1 #0=pi/2 1=pi 2=2pi
disable_temp_corr = 0
coeff_illum = 0
coeff_sensor = 5
#calib_prec = 8